epoch:0 0.2946  0.5875  0.2505  0.1016  0.2167  0.3277  0.3198  0.4691  0.4757  0.2165  0.4048  0.5052  0.4655  0.010000
epoch:1 0.3740  0.6904  0.3650  0.1670  0.2943  0.4067  0.3615  0.5353  0.5448  0.2991  0.4728  0.5748  0.3536  0.010000
epoch:2 0.3746  0.6861  0.3720  0.1638  0.2944  0.4134  0.3651  0.5433  0.5556  0.3412  0.4794  0.5866  0.3190  0.010000
epoch:3 0.4672  0.7585  0.5081  0.2005  0.3674  0.5118  0.4206  0.6061  0.6145  0.3342  0.5177  0.6549  0.2520  0.003300
epoch:4 0.4716  0.7629  0.5150  0.1948  0.3593  0.5177  0.4209  0.6024  0.6099  0.3296  0.5160  0.6531  0.2222  0.003300
epoch:5 0.4713  0.7602  0.5144  0.1932  0.3577  0.5211  0.4243  0.5969  0.6036  0.3080  0.4980  0.6513  0.2064  0.003300
epoch:6 0.4975  0.7772  0.5463  0.2148  0.3765  0.5474  0.4343  0.6120  0.6184  0.3142  0.5139  0.6644  0.1800  0.001089
epoch:7 0.4955  0.7742  0.5445  0.2067  0.3769  0.5464  0.4346  0.6097  0.6159  0.3108  0.5058  0.6638  0.1681  0.001089
epoch:8 0.4966  0.7751  0.5500  0.2214  0.3749  0.5490  0.4366  0.6085  0.6137  0.3240  0.4957  0.6644  0.1620  0.001089
epoch:9 0.4973  0.7740  0.5501  0.2215  0.3779  0.5488  0.4369  0.6092  0.6146  0.3240  0.4988  0.6638  0.1520  0.000359
epoch:10 0.4955  0.7736  0.5473  0.2152  0.3756  0.5485  0.4365  0.6070  0.6124  0.3172  0.4952  0.6630  0.1495  0.000359
epoch:11 0.4987  0.7735  0.5550  0.2221  0.3782  0.5510  0.4386  0.6087  0.6138  0.3291  0.5008  0.6636  0.1462  0.000359
epoch:12 0.4955  0.7709  0.5481  0.2157  0.3748  0.5483  0.4358  0.6059  0.6108  0.3098  0.4938  0.6623  0.1435  0.000119
epoch:13 0.4967  0.7720  0.5493  0.2145  0.3749  0.5502  0.4362  0.6055  0.6104  0.3102  0.4915  0.6621  0.1427  0.000119
epoch:14 0.4985  0.7698  0.5526  0.2154  0.3737  0.5523  0.4372  0.6057  0.6098  0.3092  0.4874  0.6624  0.1419  0.000119
