epoch:0 0.3218  0.6338  0.2878  0.1421  0.2472  0.3554  0.3397  0.5092  0.5197  0.3048  0.4356  0.5486  0.4769  0.010000
epoch:1 0.3516  0.6663  0.3318  0.1583  0.2875  0.3846  0.3507  0.5217  0.5325  0.2802  0.4665  0.5614  0.3563  0.010000
epoch:2 0.3450  0.6608  0.3238  0.1778  0.2699  0.3778  0.3439  0.5241  0.5336  0.3052  0.4727  0.5604  0.3210  0.010000
epoch:3 0.4666  0.7607  0.5099  0.2212  0.3589  0.5123  0.4172  0.6039  0.6124  0.3487  0.5205  0.6533  0.2503  0.003300
epoch:4 0.4678  0.7597  0.5134  0.1968  0.3637  0.5134  0.4204  0.6000  0.6082  0.3326  0.5164  0.6487  0.2234  0.003300
epoch:5 0.4716  0.7585  0.5232  0.2195  0.3653  0.5199  0.4224  0.6026  0.6091  0.3401  0.5135  0.6517  0.2066  0.003300
epoch:6 0.4945  0.7724  0.5486  0.2158  0.3682  0.5458  0.4372  0.6142  0.6205  0.3340  0.5064  0.6691  0.1780  0.001089
epoch:7 0.4893  0.7705  0.5410  0.2188  0.3699  0.5413  0.4328  0.6080  0.6130  0.3280  0.5022  0.6617  0.1692  0.001089
epoch:8 0.4932  0.7716  0.5510  0.2115  0.3749  0.5446  0.4367  0.6085  0.6136  0.3112  0.5046  0.6628  0.1623  0.001089
epoch:9 0.4989  0.7733  0.5511  0.2124  0.3738  0.5522  0.4404  0.6110  0.6156  0.3122  0.4992  0.6660  0.1532  0.000359
epoch:10 0.4971  0.7713  0.5525  0.2101  0.3725  0.5508  0.4399  0.6079  0.6123  0.3041  0.4977  0.6633  0.1497  0.000359
epoch:11 0.4954  0.7710  0.5500  0.2134  0.3710  0.5490  0.4366  0.6067  0.6112  0.3170  0.4934  0.6622  0.1469  0.000359
epoch:12 0.4962  0.7707  0.5506  0.2133  0.3705  0.5499  0.4379  0.6059  0.6100  0.3127  0.4922  0.6612  0.1437  0.000119
